IDX    NET                               XLL          YLL          XUR          YUR           Xc        Yspan      pitch        gap
------------------------------------------------------------------------------------------------------------------------------------------------------
1      net23                        0.711000    -2.423000     0.751000     1.953000     0.731000 -2.423.. 1.953   0.140471   0.100471
2      vdd!                         0.851471    -2.423000     0.891471     1.953000     0.871471 -2.423.. 1.953   0.140471   0.100471
3      gnd!                         0.991941    -2.423000     1.031941     1.953000     1.011941 -2.423.. 1.953   0.140471   0.100471
4      vb                           1.132412    -2.423000     1.172412     1.953000     1.152412 -2.423.. 1.953   0.140471   0.100471
5      vdd!                         1.272882    -2.423000     1.312882     1.953000     1.292882 -2.423.. 1.953   0.140471   0.100471
6      gnd!                         1.413353    -2.423000     1.453353     1.953000     1.433353 -2.423.. 1.953   0.140471   0.100471
7      in1                          1.553824    -2.423000     1.593824     1.953000     1.573824 -2.423.. 1.953   0.140471   0.100471
8      vdd!                         1.694294    -2.423000     1.734294     1.953000     1.714294 -2.423.. 1.953   0.140471   0.100471
9      gnd!                         1.834765    -2.423000     1.874765     1.953000     1.854765 -2.423.. 1.953   0.140471   0.100471
10     in2                          1.975235    -2.423000     2.015235     1.953000     1.995235 -2.423.. 1.953   0.140471   0.100471
11     vdd!                         2.115706    -2.423000     2.155706     1.953000     2.135706 -2.423.. 1.953   0.140471   0.100471
12     gnd!                         2.256176    -2.423000     2.296176     1.953000     2.276176 -2.423.. 1.953   0.140471   0.100471
13     net17                        2.396647    -2.423000     2.436647     1.953000     2.416647 -2.423.. 1.953   0.140471   0.100471
14     vdd!                         2.537118    -2.423000     2.577118     1.953000     2.557118 -2.423.. 1.953   0.140471   0.100471
15     gnd!                         2.677588    -2.423000     2.717588     1.953000     2.697588 -2.423.. 1.953   0.140471   0.100471
16     out                          2.818059    -2.423000     2.858059     1.953000     2.838059 -2.423.. 1.953   0.140471   0.100471
17     vdd!                         2.958529    -2.423000     2.998529     1.953000     2.978529 -2.423.. 1.953   0.140471   0.100471
18     gnd!                         3.099000    -2.423000     3.139000     1.953000     3.119000 -2.423.. 1.953   0.140471   0.100471

SUMMARY: created=18 orderedNets=18 span=2.428000 M3_WIDTH=0.040000 gapUsed=0.100471 minGap=0.026000 OTA_YBL=-2.423000 OTA_YTR=1.953000 xStart(maxXLL)=0.711000 xEnd(minXUR)=3.139000
